0      0      196
0      1      197
0      2      195
1      0      195
1      1      191
1      2      193
2      0      193
2      1      196
2      2      195
3      0      192
3      1      189
3      2      194
4      0      193
4      1      192
4      2      196
5      0      187
5      1      188
5      2      181
6      0      188
6      1      182
6      2      181
7      0      182
7      1      179
7      2      173
8      0      172
8      1      181
8      2      174
9      0      186
9      1      179
9      2      182
10      0      187
10      1      193
10      2      188
11      0      183
11      1      187
11      2      180
12      0      192
12      1      193
12      2      187
13      0      173
13      1      179
13      2      171
14      0      163
14      1      173
14      2      161
15      0      148
15      1      163
15      2      161
16      0      147
16      1      148
16      2      161
17      0      132
17      1      149
17      2      148
18      0      162
18      1      174
18      2      163
19      0      174
19      1      182
19      2      173
20      0      147
20      1      132
20      2      148
21      0      188
21      1      193
21      2      191
22      0      186
22      1      188
22      2      191
23      0      181
23      1      180
23      2      187
24      0      174
24      1      181
24      2      182
25      0      187
25      1      189
25      2      192
26      0      172
26      1      180
26      2      181
27      0      152
27      1      134
27      2      143
28      0      167
28      1      152
28      2      158
29      0      135
29      1      151
29      2      136
30      0      166
30      1      153
30      2      167
31      0      135
31      1      136
31      2      119
32      0      133
32      1      115
32      2      114
33      0      150
33      1      133
33      2      136
34      0      121
34      1      118
34      2      133
35      0      116
35      1      134
35      2      117
36      0      178
36      1      166
36      2      167
37      0      176
37      1      178
37      2      167
38      0      184
38      1      185
38      2      178
39      0      150
39      1      165
39      2      164
40      0      186
40      1      182
40      2      188
41      0      173
41      1      171
41      2      161
42      0      189
42      1      183
42      2      185
43      0      175
43      1      180
43      2      172
44      0      175
44      1      183
44      2      180
45      0      164
45      1      175
45      2      172
46      0      174
46      1      162
46      2      172
47      0      96
47      1      80
47      2      81
48      0      162
48      1      154
48      2      164
49      0      118
49      1      121
49      2      102
50      0      100
50      1      118
50      2      102
51      0      115
51      1      133
51      2      118
52      0      97
52      1      115
52      2      100
53      0      114
53      1      119
53      2      133
54      0      99
54      1      81
54      2      98
55      0      117
55      1      99
55      2      116
56      0      96
56      1      81
56      2      99
57      0      97
57      1      96
57      2      115
58      0      97
58      1      80
58      2      96
59      0      135
59      1      152
59      2      153
60      0      151
60      1      135
60      2      153
61      0      119
61      1      117
61      2      135
62      0      162
62      1      149
62      2      154
63      0      115
63      1      118
63      2      100
64      0      137
64      1      121
64      2      139
65      0      120
65      1      102
65      2      121
66      0      177
66      1      185
66      2      183
67      0      165
67      1      177
67      2      175
68      0      166
68      1      178
68      2      177
69      0      190
69      1      185
69      2      184
70      0      190
70      1      189
70      2      185
71      0      189
71      1      187
71      2      183
72      0      194
72      1      189
72      2      190
73      0      194
73      1      196
73      2      192
74      0      129
74      1      145
74      2      146
75      0      109
75      1      129
75      2      128
76      0      127
76      1      145
76      2      129
77      0      131
77      1      149
77      2      132
78      0      161
78      1      160
78      2      147
79      0      139
79      1      154
79      2      149
80      0      160
80      1      161
80      2      171
81      0      160
81      1      146
81      2      145
82      0      74
82      1      93
82      2      75
83      0      19
83      1      20
83      2      28
84      0      130
84      1      145
84      2      127
85      0      107
85      1      111
85      2      127
86      0      132
86      1      147
86      2      130
87      0      160
87      1      145
87      2      147
88      0      146
88      1      128
88      2      129
89      0      54
89      1      55
89      2      72
90      0      58
90      1      38
90      2      39
91      0      76
91      1      73
91      2      56
92      0      58
92      1      76
92      2      56
93      0      75
93      1      93
93      2      76
94      0      74
94      1      75
94      2      57
95      0      93
95      1      92
95      2      76
96      0      56
96      1      38
96      2      58
97      0      56
97      1      73
97      2      72
98      0      38
98      1      56
98      2      55
99      0      58
99      1      57
99      2      76
100      0      58
100      1      39
100      2      53
101      0      92
101      1      93
101      2      109
102      0      73
102      1      92
102      2      91
103      0      73
103      1      76
103      2      92
104      0      55
104      1      56
104      2      72
105      0      76
105      1      57
105      2      75
106      0      72
106      1      73
106      2      91
107      0      52
107      1      37
107      2      35
108      0      109
108      1      108
108      2      92
109      0      53
109      1      37
109      2      52
110      0      58
110      1      53
110      2      57
111      0      39
111      1      37
111      2      53
112      0      36
112      1      52
112      2      35
113      0      27
113      1      36
113      2      25
114      0      18
114      1      27
114      2      25
115      0      67
115      1      66
115      2      49
116      0      59
116      1      60
116      2      41
117      0      33
117      1      49
117      2      48
118      0      77
118      1      60
118      2      59
119      0      109
119      1      128
119      2      108
120      0      91
120      1      92
120      2      108
121      0      93
121      1      107
121      2      110
122      0      78
122      1      94
122      2      95
123      0      71
123      1      78
123      2      90
124      0      60
124      1      77
124      2      78
125      0      53
125      1      52
125      2      71
126      0      35
126      1      25
126      2      36
127      0      110
127      1      129
127      2      109
128      0      145
128      1      130
128      2      147
129      0      94
129      1      84
129      2      101
130      0      90
130      1      78
130      2      95
131      0      77
131      1      84
131      2      94
132      0      52
132      1      60
132      2      71
133      0      41
133      1      36
133      2      27
134      0      26
134      1      40
134      2      27
135      0      60
135      1      52
135      2      41
136      0      94
136      1      78
136      2      77
137      0      52
137      1      36
137      2      41
138      0      60
138      1      78
138      2      71
139      0      66
139      1      77
139      2      59
140      0      48
140      1      66
140      2      59
141      0      67
141      1      84
141      2      66
142      0      101
142      1      84
142      2      85
143      0      102
143      1      101
143      2      85
144      0      112
144      1      95
144      2      94
145      0      49
145      1      33
145      2      42
146      0      27
146      1      40
146      2      41
147      0      33
147      1      28
147      2      42
148      0      26
148      1      33
148      2      40
149      0      26
149      1      28
149      2      33
150      0      111
150      1      130
150      2      127
151      0      112
151      1      111
151      2      95
152      0      112
152      1      131
152      2      113
153      0      131
153      1      112
153      2      120
154      0      107
154      1      90
154      2      95
155      0      107
155      1      93
155      2      90
156      0      110
156      1      107
156      2      127
157      0      129
157      1      110
157      2      127
158      0      109
158      1      93
158      2      110
159      0      67
159      1      49
159      2      61
160      0      85
160      1      67
160      2      83
161      0      84
161      1      77
161      2      66
162      0      49
162      1      42
162      2      61
163      0      79
163      1      67
163      2      61
164      0      48
164      1      40
164      2      33
165      0      66
165      1      48
165      2      49
166      0      59
166      1      40
166      2      48
167      0      28
167      1      30
167      2      42
168      0      74
168      1      71
168      2      90
169      0      93
169      1      74
169      2      90
170      0      57
170      1      71
170      2      74
171      0      57
171      1      53
171      2      71
172      0      0
172      1      2
172      2      1
173      0      6
173      1      5
173      2      2
174      0      2
174      1      3
174      2      6
175      0      12
175      1      20
175      2      11
176      0      13
176      1      12
176      2      6
177      0      13
177      1      21
177      2      12
178      0      7
178      1      13
178      2      6
179      0      3
179      1      7
179      2      6
180      0      3
180      1      8
180      2      7
181      0      98
181      1      106
181      2      116
182      0      99
182      1      98
182      2      116
183      0      82
183      1      65
183      2      70
184      0      81
184      1      82
184      2      98
185      0      64
185      1      63
185      2      47
186      0      81
186      1      64
186      2      82
187      0      81
187      1      63
187      2      64
188      0      22
188      1      31
188      2      29
189      0      22
189      1      23
189      2      31
190      0      13
190      1      22
190      2      21
191      0      14
191      1      15
191      2      23
192      0      15
192      1      14
192      2      8
193      0      23
193      1      24
193      2      32
194      0      14
194      1      13
194      2      7
195      0      9
195      1      4
195      2      5
196      0      5
196      1      1
196      2      2
197      0      28
197      1      20
197      2      30
198      0      8
198      1      14
198      2      7
199      0      11
199      1      19
199      2      16
200      0      12
200      1      11
200      2      9
201      0      20
201      1      19
201      2      11
202      0      21
202      1      20
202      2      12
203      0      14
203      1      22
203      2      13
204      0      153
204      1      152
204      2      167
205      0      98
205      1      89
205      2      106
206      0      114
206      1      96
206      2      99
207      0      80
207      1      63
207      2      81
208      0      144
208      1      159
208      2      143
209      0      112
209      1      101
209      2      120
210      0      144
210      1      143
210      2      125
211      0      120
211      1      101
211      2      102
212      0      65
212      1      82
212      2      64
213      0      41
213      1      40
213      2      59
214      0      89
214      1      98
214      2      82
215      0      79
215      1      80
215      2      97
216      0      65
216      1      47
216      2      46
217      0      89
217      1      82
217      2      70
218      0      64
218      1      47
218      2      65
219      0      62
219      1      61
219      2      44
220      0      65
220      1      46
220      2      51
221      0      62
221      1      45
221      2      63
222      0      45
222      1      32
222      2      47
223      0      150
223      1      154
223      2      139
224      0      133
224      1      150
224      2      139
225      0      136
225      1      151
225      2      150
226      0      134
226      1      152
226      2      135
227      0      166
227      1      177
227      2      165
228      0      113
228      1      111
228      2      112
229      0      132
229      1      113
229      2      131
230      0      130
230      1      111
230      2      113
231      0      62
231      1      43
231      2      45
232      0      62
232      1      79
232      2      61
233      0      29
233      1      43
233      2      44
234      0      80
234      1      79
234      2      62
235      0      44
235      1      61
235      2      42
236      0      43
236      1      62
236      2      44
237      0      31
237      1      43
237      2      29
238      0      45
238      1      47
238      2      63
239      0      31
239      1      45
239      2      43
240      0      31
240      1      32
240      2      45
241      0      63
241      1      80
241      2      62
242      0      44
242      1      42
242      2      30
243      0      29
243      1      44
243      2      30
244      0      83
244      1      97
244      2      100
245      0      84
245      1      67
245      2      85
246      0      79
246      1      97
246      2      83
247      0      100
247      1      85
247      2      83
248      0      94
248      1      101
248      2      112
249      0      79
249      1      83
249      2      67
250      0      100
250      1      102
250      2      85
251      0      26
251      1      19
251      2      28
252      0      20
252      1      21
252      2      30
253      0      21
253      1      22
253      2      29
254      0      26
254      1      17
254      2      16
255      0      9
255      1      5
255      2      12
256      0      12
256      1      5
256      2      6
257      0      16
257      1      9
257      2      11
258      0      10
258      1      4
258      2      9
259      0      4
259      1      1
259      2      5
260      0      32
260      1      24
260      2      34
261      0      47
261      1      32
261      2      46
262      0      23
262      1      15
262      2      24
263      0      31
263      1      23
263      2      32
264      0      22
264      1      14
264      2      23
265      0      16
265      1      19
265      2      26
266      0      10
266      1      16
266      2      17
267      0      10
267      1      9
267      2      16
268      0      32
268      1      34
268      2      46
269      0      29
269      1      30
269      2      21
270      0      156
270      1      144
270      2      142
271      0      168
271      1      156
271      2      157
272      0      159
272      1      144
272      2      156
273      0      169
273      1      158
273      2      170
274      0      158
274      1      143
274      2      159
275      0      170
275      1      158
275      2      159
276      0      153
276      1      166
276      2      151
277      0      132
277      1      130
277      2      113
278      0      18
278      1      26
278      2      27
279      0      18
279      1      17
279      2      26
280      0      51
280      1      34
280      2      50
281      0      177
281      1      178
281      2      185
282      0      121
282      1      137
282      2      120
283      0      172
283      1      162
283      2      164
284      0      174
284      1      173
284      2      163
285      0      149
285      1      163
285      2      148
286      0      137
286      1      149
286      2      131
287      0      120
287      1      137
287      2      131
288      0      139
288      1      149
288      2      137
289      0      162
289      1      163
289      2      149
290      0      111
290      1      107
290      2      95
291      0      138
291      1      140
291      2      122
292      0      141
292      1      122
292      2      140
293      0      140
293      1      155
293      2      141
294      0      124
294      1      104
294      2      123
295      0      155
295      1      142
295      2      141
296      0      126
296      1      105
296      2      124
297      0      88
297      1      87
297      2      104
298      0      123
298      1      104
298      2      103
299      0      122
299      1      123
299      2      103
300      0      159
300      1      156
300      2      168
301      0      88
301      1      105
301      2      89
302      0      142
302      1      155
302      2      157
303      0      156
303      1      142
303      2      157
304      0      124
304      1      141
304      2      142
305      0      122
305      1      141
305      2      123
306      0      126
306      1      142
306      2      144
307      0      167
307      1      158
307      2      169
308      0      124
308      1      142
308      2      126
309      0      168
309      1      170
309      2      159
310      0      175
310      1      177
310      2      183
311      0      106
311      1      89
311      2      105
312      0      125
312      1      106
312      2      126
313      0      125
313      1      116
313      2      106
314      0      144
314      1      125
314      2      126
315      0      119
315      1      114
315      2      117
316      0      134
316      1      135
316      2      117
317      0      136
317      1      133
317      2      119
318      0      165
318      1      150
318      2      151
319      0      166
319      1      165
319      2      151
320      0      175
320      1      164
320      2      165
321      0      139
321      1      121
321      2      133
322      0      125
322      1      134
322      2      116
323      0      143
323      1      158
323      2      152
324      0      51
324      1      69
324      2      70
325      0      34
325      1      51
325      2      46
326      0      50
326      1      69
326      2      51
327      0      69
327      1      68
327      2      87
328      0      65
328      1      51
328      2      70
329      0      50
329      1      68
329      2      69
330      0      134
330      1      125
330      2      143
331      0      114
331      1      99
331      2      117
332      0      114
332      1      115
332      2      96
333      0      176
333      1      167
333      2      169
334      0      176
334      1      184
334      2      178
335      0      105
335      1      126
335      2      106
336      0      105
336      1      104
336      2      124
337      0      87
337      1      68
337      2      86
338      0      103
338      1      104
338      2      86
339      0      88
339      1      70
339      2      69
340      0      104
340      1      105
340      2      88
341      0      86
341      1      104
341      2      87
342      0      123
342      1      141
342      2      124
343      0      89
343      1      70
343      2      88
344      0      69
344      1      87
344      2      88
345      0      154
345      1      150
345      2      164
